# 2005 11 0
# 2006 23 1
# 2007 44 2
# 2008 29 3
# 2009 65 4
# 2010 147 5
# 2011 167 6
# 2012 222 7
# 2013 192 8
# 2014 241 9
# 2015 235 10
# 2016 365 11
# 2017 412 12
# 2018 392 13
# 2019 536 14
# 2020 372 15
# 2021 398 16
# 2022 507 17
# 2023 577 18
# 2024 581 19
# 2025 487 20
# 2026 28 21
6 0 2
18 1 3
6 2 1
20 3 5
9 4 2
16 5 3
17 6 10
18 6 6
19 6 6
5 7 2
6 7 5
7 7 4
9 7 4
10 7 6
11 7 4
12 7 3
14 7 5
15 7 5
16 7 4
19 7 4
20 7 3
6 8 3
9 8 4
11 8 4
12 8 4
14 8 3
10 9 2
13 10 4
16 10 4
19 10 3
14 11 2
5 12 2
7 12 3
8 12 7
10 12 3
11 12 5
12 12 5
13 12 3
14 12 3
15 12 3
17 12 5
5 13 1
14 14 3
16 14 3
17 14 5
18 14 9
19 14 13
20 14 23
21 14 3
15 15 3
15 16 3
16 16 4
18 16 5
20 16 4
7 17 3
10 17 3
12 17 3
2 18 1
7 18 3
11 18 3
12 18 3
16 18 4
7 19 2
8 19 4
10 19 3
11 19 4
12 19 5
14 19 7
4 20 1
16 21 3
17 21 4
8 22 2
19 23 3
14 24 3
9 25 2
12 25 4
13 25 3
14 25 5
15 25 2
16 25 4
17 25 3
18 25 5
20 25 3
9 26 2
18 27 3
4 28 1
5 28 2
9 28 3
10 28 5
11 28 3
0 29 2
1 29 1
2 29 1
3 29 1
4 29 4
5 29 5
7 29 3
8 29 5
10 29 2
11 29 4
12 29 6
13 29 5
16 29 3
19 29 3
20 29 4
16 30 10
17 30 8
18 30 10
19 30 13
20 30 8
5 31 2
15 32 2
1 33 1
2 33 1
3 33 3
4 33 1
5 33 4
6 33 6
7 33 6
8 33 8
9 33 3
10 33 4
11 33 3
12 33 6
13 33 9
14 33 8
4 34 1
9 34 4
11 34 2
12 34 2
13 34 2
15 34 3
16 35 3
17 35 3
17 36 3
14 37 4
16 37 3
17 37 3
18 37 3
20 37 4
16 38 3
18 38 3
19 38 3
3 39 1
10 40 2
12 40 4
12 41 2
16 41 4
17 41 3
18 41 9
19 41 3
20 41 8
16 42 3
14 43 3
8 44 2
9 44 2
18 45 4
7 46 2
9 46 3
10 46 6
11 46 7
12 46 11
13 46 15
14 46 12
15 46 9
16 46 14
17 46 26
18 46 22
19 46 11
20 46 29
21 46 3
14 47 2
17 47 3
18 47 4
20 47 2
6 48 2
13 49 2
15 49 3
19 50 3
12 51 2
14 52 4
16 52 3
20 52 3
20 53 3
3 54 1
11 55 3
18 56 3
11 57 3
15 58 2
16 59 6
17 59 3
18 59 4
18 60 3
19 60 3
4 61 2
6 61 4
7 61 3
9 61 5
11 61 4
13 61 3
15 61 3
13 62 3
14 62 5
7 63 2
10 63 2
13 63 2
15 63 2
10 64 4
11 64 4
12 64 10
13 64 7
14 64 4
17 65 4
18 65 5
19 65 4
20 65 4
3 66 1
5 66 4
6 66 4
7 66 4
8 66 2
9 66 9
10 66 7
11 66 7
12 66 5
13 66 3
14 66 3
17 66 5
4 67 1
6 67 2
7 67 2
8 67 2
9 67 3
10 67 5
11 67 17
12 67 13
13 67 30
14 67 20
15 67 22
16 67 29
17 67 43
18 67 44
19 67 47
20 67 30
9 68 2
17 69 3
21 69 1
18 70 3
12 71 2
11 72 5
2 73 2
5 73 2
7 73 3
8 73 3
13 73 5
12 74 3
15 74 2
12 75 2
15 75 2
18 75 3
13 76 3
1 77 1
2 78 1
17 79 4
18 79 5
19 79 3
18 80 3
10 81 3
14 81 5
18 81 3
3 82 1
5 83 2
7 84 2
14 85 3
14 86 3
20 87 2
16 88 3
11 89 3
13 89 7
15 89 5
18 89 3
17 90 3
5 91 1
0 92 3
1 92 7
2 92 9
3 92 7
4 92 11
5 92 18
6 92 18
7 92 24
8 92 16
9 92 16
10 92 16
11 92 27
12 92 41
13 92 34
14 92 55
15 92 42
16 92 42
17 92 57
18 92 70
19 92 64
20 92 56
18 93 4
8 94 2
3 95 1
5 95 2
8 95 6
9 95 3
10 95 4
11 95 6
12 95 8
13 95 5
14 95 3
15 95 7
17 95 4
17 96 2
13 97 3
14 97 4
16 97 3
17 97 3
18 97 4
1 98 1
2 98 1
5 98 2
7 98 2
8 98 2
10 99 4
19 100 5
11 101 3
19 102 3
11 103 2
4 104 2
8 104 2
18 105 3
7 106 2
6 107 2
7 107 2
9 107 2
10 107 3
11 107 4
15 108 3
17 108 3
18 108 3
20 108 3
8 109 2
11 109 4
5 110 2
8 110 3
11 110 3
20 111 4
5 112 2
7 112 2
8 112 2
9 112 4
10 112 5
12 112 3
13 112 5
18 112 4
9 113 2
12 113 4
14 113 9
15 113 7
16 113 7
17 113 6
19 113 6
20 113 6
14 114 3
17 114 4
2 115 1
14 115 3
15 115 3
16 115 4
18 115 5
19 115 4
20 115 4
12 116 4
13 116 5
14 116 8
15 116 3
16 116 8
17 116 15
18 116 17
19 116 36
20 116 16
21 116 3
19 117 4
2 118 1
7 118 2
9 118 3
11 118 3
18 118 3
8 119 2
9 119 2
11 119 3
12 119 5
13 119 5
14 119 5
11 120 3
16 121 3
18 121 4
19 121 3
20 121 4
20 122 3
1 123 1
8 123 2
15 123 3
20 123 3
11 124 3
14 124 3
16 124 3
15 125 2
4 126 1
6 127 1
17 127 3
3 128 1
13 129 3
19 129 3
19 130 4
18 131 3
10 132 2
11 133 3
19 134 4
19 135 3
6 136 2
17 137 3
4 138 1
18 139 3
19 139 3
17 140 3
15 141 3
6 142 2
4 143 1
10 144 4
13 144 5
14 144 4
16 144 5
17 144 5
18 144 6
19 144 5
20 144 6
20 145 2
19 146 3
2 147 4
5 147 4
6 147 9
7 147 9
8 147 9
9 147 6
10 147 6
11 147 16
12 147 14
13 147 4
14 147 10
15 147 8
16 147 10
17 147 4
18 147 3
19 147 4
0 148 1
1 148 2
2 148 5
4 148 10
5 148 9
6 148 12
7 148 16
8 148 7
9 148 10
10 148 8
11 148 14
12 148 12
13 148 4
14 148 10
15 148 4
16 148 4
18 148 6
5 149 2
10 149 5
12 149 6
9 150 3
14 150 2
12 151 6
14 151 7
15 151 6
16 151 12
17 151 22
18 151 40
19 151 39
20 151 30
21 151 4
18 152 3
19 152 3
20 152 3
17 153 2
6 154 1
10 155 2
6 156 3
7 156 6
8 156 3
11 156 4
14 157 2
19 157 3
17 158 4
18 158 3
19 158 3
20 158 4
14 159 3
17 160 2
20 161 3
16 162 3
9 163 2
11 163 4
12 163 9
13 163 6
14 163 9
15 163 8
16 163 3
17 163 5
19 163 5
20 163 4
13 164 5
15 164 5
17 164 5
18 164 9
19 164 5
20 164 7
21 164 2
18 165 3
6 166 2
10 166 3
14 166 5
15 166 7
16 166 5
17 166 8
18 166 5
19 166 8
20 166 13
15 167 2
19 168 3
20 168 4
6 169 2
7 169 2
11 169 3
21 170 1
20 171 2
13 172 3
4 173 1
12 174 2
19 175 3
18 176 3
3 177 2
6 177 2
7 177 2
17 178 3
8 179 2
3 180 1
13 181 3
13 182 2
5 183 1
6 183 1
16 184 4
3 185 1
8 185 2
9 185 2
12 185 3
16 185 4
19 185 3
18 186 6
19 186 4
5 187 1
0 188 1
5 188 7
6 188 9
7 188 13
8 188 5
9 188 3
10 188 8
11 188 10
12 188 9
13 188 11
14 188 12
15 188 13
16 188 4
17 188 3
18 188 4
19 188 4
20 188 5
2 189 1
14 189 3
2 190 1
1 191 1
2 191 1
3 191 1
4 191 4
5 191 6
6 191 6
7 191 10
8 191 10
9 191 16
10 191 8
11 191 7
12 191 6
13 191 8
14 191 13
15 191 7
16 191 4
17 191 6
18 191 4
19 191 6
20 191 7
4 192 1
12 193 3
14 193 5
15 193 4
18 193 6
19 193 4
19 194 4
20 194 4
5 195 1
20 196 2
8 197 2
17 198 6
18 198 6
19 198 7
20 198 6
13 199 3
15 200 3
6 201 2
7 201 2
11 201 4
12 201 7
13 201 3
14 201 8
15 201 6
16 201 5
17 201 9
18 201 8
19 201 5
20 201 5
7 202 2
8 202 3
9 202 5
10 202 9
11 202 15
12 202 25
13 202 28
14 202 52
15 202 47
16 202 52
17 202 85
18 202 86
19 202 101
20 202 57
21 202 5
6 203 2
17 204 2
11 205 4
12 205 6
13 205 4
14 205 6
0 206 3
1 206 5
2 206 12
3 206 7
4 206 16
5 206 33
6 206 44
7 206 55
8 206 49
9 206 62
10 206 53
11 206 87
12 206 91
13 206 72
14 206 94
15 206 60
16 206 40
17 206 29
18 206 33
19 206 36
20 206 29
21 207 1
21 208 1
9 209 3
7 210 2
16 211 4
17 211 3
20 211 5
16 212 3
19 212 3
6 213 3
8 213 3
12 214 3
13 214 3
14 214 8
16 214 13
17 214 13
18 214 22
19 214 9
20 214 11
20 215 2
5 216 5
6 216 2
7 216 2
8 216 5
9 216 2
14 216 9
15 216 6
21 217 1
6 218 3
8 218 2
10 218 6
12 218 3
14 218 5
6 219 2
15 220 4
1 221 1
5 221 2
7 222 2
14 222 3
15 222 3
19 222 4
5 223 1
6 223 1
10 224 2
8 225 2
12 225 3
14 225 4
18 226 4
20 226 4
7 227 2
11 227 8
12 227 6
13 227 5
14 227 7
9 228 2
10 228 2
13 228 4
14 228 3
15 228 2
11 229 3
15 230 2
5 231 2
7 231 2
17 232 4
12 233 2
13 233 2
12 234 3
14 234 6
17 235 3
2 236 1
12 237 4
15 237 5
16 237 4
17 237 6
18 237 3
19 237 4
20 237 4
20 238 2
9 239 5
10 239 4
11 239 7
12 239 5
13 239 5
14 239 5
9 240 2
16 241 6
17 241 6
19 241 4
17 242 5
4 243 2
5 243 7
6 243 2
7 243 4
8 243 6
9 243 9
10 243 6
11 243 8
12 243 6
13 243 5
14 243 8
15 243 5
16 243 3
4 244 2
8 244 3
13 245 4
14 245 4
15 245 2
17 245 6
19 245 3
20 245 6
20 246 2
20 247 4
1 248 1
12 249 3
16 249 4
18 249 5
19 249 3
20 249 3
10 250 2
11 250 2
16 251 3
17 251 5
18 251 3
19 251 3
20 251 3
21 251 1
2 252 1
4 252 1
5 252 9
6 252 5
7 252 9
8 252 5
9 252 17
10 252 11
11 252 10
12 252 11
13 252 20
14 252 19
15 252 8
16 252 11
17 252 2
18 252 3
19 252 4
9 253 3
21 254 1
9 255 2
13 255 4
15 255 5
18 256 4
19 256 3
9 257 2
10 257 3
11 257 4
12 257 2
13 257 3
7 258 3
21 259 1
0 260 1
4 260 1
5 260 4
7 260 3
10 260 2
11 260 3
12 260 2
13 260 2
14 260 4
13 261 3
14 261 6
15 261 3
16 261 3
17 261 6
18 261 5
19 261 11
20 261 4
1 262 1
9 263 5
11 263 3
13 263 5
15 263 3
16 263 6
17 263 4
18 263 6
19 263 5
20 263 8
19 264 3
20 264 2
